2
Jogador 0 1110 955 5 0 1 2 fersave2 1 0 1 0 1 0 0 0
Jogador 5 65 955 5 0 1 1 ze 2 0 1 0 1 0 1 0
Plataforma 91 400 900 0 0 1 0 27
Plataforma 92 1400 900 0 0 1 0 28
Plataforma 93 200 770 0 0 1 0 29
Plataforma 94 900 770 0 0 1 0 31
Plataforma 95 1600 770 0 0 1 0 32
Plataforma 96 400 640 0 0 1 0 28
Plataforma 97 1400 640 0 0 1 0 31
Plataforma 98 200 510 0 0 1 0 33
Plataforma 99 900 510 0 0 1 0 32
Plataforma 100 1600 510 0 0 1 0 27
Plataforma 101 400 380 0 0 1 0 27
MinaTerrestre 102 2500 2500 0 0 0 0 0.6 22 1
MinaTerrestre 103 500 890 0 0 1 0 0.6 19 0
MinaTerrestre 104 1500 890 0 0 1 0 0.6 18 0
MinaTerrestre 105 300 760 0 0 1 0 0.6 21 0
MinaTerrestre 106 1000 760 0 0 1 0 0.6 22 0
Drone 107 729.833 947.5 3 2.5 1 2 10 0 0
Drone 108 1558.78 860 1.5 0 1 2 5 0 0
Drone 109 65.4896 755.304 2.3 1.3 1 2 4 0 0
Drone 110 908.299 858.199 1.1 1.1 1 2 3 0 0
Drone 111 1682.3 730 2.1 0 1 2 8 0 0
Drone 112 482.292 600 2.1 0 1 2 8 0 0
Drone 113 1427.43 600 0.7 0 1 2 1 0 0
Tanque 114 714.398 992 5 0 1 5 7 0 0 7
Tanque 115 1714.4 992 5 0 1 5 3 0 0 3
Tanque 116 514.397 862 5 0 1 5 9 0 0 5
Tanque 117 1214.4 867.2 5 10.4 1 5 8 0 0 5
Tanque 118 724.398 922 5 16 1 5 6 0 0 3
Projetil 119 2500 2500 -5 0 1 0 114
Projetil 120 2500 2500 -5 0 1 0 116
Projetil 121 227.165 732 -5 0 1 1 117
Projetil 122 2500 2500 5 5 1 0 -1
Projetil 123 2500 2500 5 5 1 0 -1
Projetil 124 2500 2500 5 5 1 0 -1
Projetil 125 2500 2500 5 5 1 0 -1
Projetil 126 2500 2500 5 5 1 0 -1
Projetil 127 2500 2500 5 5 1 0 -1
Projetil 128 2500 2500 5 5 1 0 -1
Projetil 129 2500 2500 5 5 1 0 -1
Projetil 130 2500 2500 5 5 1 0 -1
Projetil 131 2500 2500 5 5 1 0 -1
Projetil 132 2500 2500 5 5 1 0 -1
Projetil 133 2500 2500 5 5 1 0 -1
Projetil 134 2500 2500 5 5 1 0 -1
Projetil 135 2500 2500 5 5 1 0 -1
Projetil 136 2500 2500 5 5 1 0 -1
Projetil 137 2500 2500 5 5 1 0 -1
Projetil 138 2500 2500 5 5 1 0 -1
Projetil 139 2500 2500 5 5 1 0 -1
Projetil 140 2500 2500 5 5 1 0 -1
Projetil 141 2500 2500 5 5 1 0 -1
Projetil 142 2500 2500 5 5 1 0 -1
Projetil 143 2500 2500 5 5 1 0 -1
